5 24 46 14 03 2011
14 18 28 09 05 1970
12 51 12 10 05 1972
5 12 33 15 02 2013
3 28 50 16 10 1989
3 26 43 09 02 2002
0 22 50 27 03 1973
1 13 5 18 05 2002
22 23 58 25 09 2014
5 8 44 20 06 1977
11 18 41 23 04 2010
4 45 45 07 06 2014
17 52 6 13 02 2015
22 5 1 19 08 2017
19 46 19 06 11 2014
9 20 31 25 07 2004
18 14 45 16 07 1977
22 34 35 19 02 1972
23 9 58 09 05 2010
17 58 4 30 12 2003
20 33 11 17 09 2009
17 52 59 27 04 2018
14 32 3 03 07 1997
9 29 45 16 03 1992
17 22 10 03 11 2008
6 23 0 11 11 1979
13 1 12 14 02 1990
20 59 55 26 03 1992
5 19 10 12 05 1980
18 11 58 05 02 1975
21 34 42 12 06 2003
15 49 34 18 09 1978
13 19 7 20 03 2012
20 53 57 27 09 2002
0 2 59 06 12 2013
16 28 27 29 10 2015
4 11 35 21 06 2003
3 15 46 03 05 2016
1 33 5 13 04 1979
14 56 4 03 10 1993
8 33 38 22 03 1986
15 4 24 26 09 1994
13 3 59 03 03 2000
15 43 36 16 05 2021
8 18 25 31 01 1993
12 59 30 27 05 2012
19 45 34 05 04 1999
1 12 34 17 11 1987
1 27 32 27 05 1970
21 43 42 09 04 1971